The total error is 0.152519 after 1000000 runs
The lowest error found was 0.152519 at run 999999
1.000000 0.932531 1.000000 -0.067469
3.000000 9.208162 9.000000 0.208162
5.000000 24.765694 25.000000 -0.234306
7.000000 49.080437 49.000000 0.080437
9.000000 81.019958 81.000000 0.019958
0.010965

2.000000 4.375987 4.000000 0.375987
4.000000 15.911155 16.000000 -0.088845
6.000000 35.852230 36.000000 -0.147770
8.000000 64.234390 64.000000 0.234390
0.028254

The total error is 0.000005 after 923818 runs
The lowest error found was 0.000005 at run 923818
1.000000 1.000282 1.000000 0.000282
3.000000 1.731048 1.732051 -0.001003
5.000000 2.237177 2.236068 0.001109
7.000000 2.645591 2.645751 -0.000160
9.000000 2.999706 3.000000 -0.000294
0.000000

2.000000 1.399337 1.414214 -0.014876
4.000000 2.003640 2.000000 0.003640
6.000000 2.448416 2.449490 -0.001074
8.000000 2.830048 2.828427 0.001621
0.000030

The total error is 0.349261 after 1000000 runs
The lowest error found was 0.349261 at run 999999
1.000000 0.339234 0.000000 0.339234
3.000000 -0.259712 0.000000 -0.259712
5.000000 7.800081 8.000000 -0.199919
7.000000 24.508284 24.000000 0.508284
9.000000 48.395718 48.000000 0.395718
0.063744

2.000000 -0.964413 -1.000000 0.035587
4.000000 2.644330 3.000000 -0.355670
6.000000 15.140984 15.000000 0.140984
8.000000 35.679588 35.000000 0.679588
0.076186
